-0.9369500268362956       -0.34946337034296593     0.9898209501981126
-0.8887838415755178       -0.29583914606143386     0.7387661473062277
-0.9594930957482818       -0.2817321408916256      0.9096312750069386
-0.907561437036577        -0.23167220925897647     0.6475877161708962
-0.9771492904679582       -0.21255414401503886     0.7557196957003746
-0.9217271090110369       -0.16632118157835182     0.5040084176398553
-0.9898240255171379       -0.1422968675306963      0.5405797224617179
-0.9311957719928031       -0.10012579763842168     0.3196505530518116
-0.9974528377488676       -0.07132907168000671     0.28169364976711375
-0.9096321314146752       -0.4154147150715717      0.9898216283286759
-0.8654949964043022       -0.3584758666239895      0.7701603447179944
-0.8776791888236108       -0.47924862180910704     0.9096326862184702
-0.8378107374528939       -0.41926263858389595     0.7392640276475603
-0.8412537809851707       -0.5406404313202579      0.7557507766770152
-0.8005412762494296       -0.5992776193225762      0.5406410158099817
-0.769817230040131        -0.5341718149673981      0.5054326230259463
-0.8058632897856733       -0.4779213808183132      0.6485875017176425
-1                        0                        -4.898587196589413E-16
-0.9359063728928211       -0.03341830530426853     0.10943722605137972
-0.9974528377488674       0.07132907168000673      -0.28169364976711375
-0.9358374223066436       0.03346247370073514      -0.10955740564442905
-0.9898240255171378       0.14229686753069645      -0.5405797224617179
-0.9310068824661819       0.10017182981501842      -0.31959806245485317
-0.9771492904679581       0.21255414401503914      -0.7557196957003746
-0.9214508233809275       0.1663551095068925       -0.5036409555674489
-0.7557497215292924       -0.6548605640962026      0.2817334193968014
-0.7298536821132583       -0.5877049484035434      0.3213437067955111
-0.7071067811865479       -0.7071067811865471      1.4089627996560444E-15
-0.6861602522966032       -0.6382286014960588      0.11119901026140509
-0.6548605640962034       -0.755749721529292       -0.28173341939679697
-0.6389461879581558       -0.6854979218720989      -0.10801961362416694
-0.5992776193225767       -0.8005412762494291      -0.5406410158099793
-0.5884447699562271       -0.7292818347033232      -0.3185704397655902
-0.9594930957482813       0.28173214089162635      -0.9096312750069401
-0.9072186761906652       0.231660246755514        -0.6467913651181608
-0.9369500268362952       0.3494633703429666       -0.9898209501981131
-0.8883763417257625       0.2957565021971583       -0.7375112613701577
-0.5406404313202585       -0.8412537809851702      -0.7557507766770133
-0.5349117581095754       -0.7693548398572099      -0.5033551271765243
-0.4792486218091077       -0.8776791888236104      -0.9096326862184689
-0.47862195585413797      -0.8055110512070769      -0.647345632910675
-0.9096321314146749       0.4154147150715724       -0.9898216283286758
-0.8650084002675          0.35834031220008344      -0.7685124378022651
-0.8776791888236104       0.4792486218091077       -0.9096326862184686
-0.8372253234373876       0.41911599836622376      -0.7372849888127063
-0.4154147150715724       -0.9096321314146749      -0.9898216283286755
-0.41988134172610914      -0.8375546188695179      -0.738794628466148
-0.3494633703429666       -0.9369500268362952      -0.9898209501981131
-0.35902532378098256      -0.865311135548546       -0.7702914951842706
-0.8412537809851702       0.5406404313202585       -0.7557507766770128
-0.8051717996415294       0.4777886942067569       -0.6463315610569005
-0.8005412762494291       0.5992776193225767       -0.5406410158099787
-0.7690261625734363       0.5340742260053861       -0.5029920491892019
-0.28173214089162635      -0.9594930957482813      -0.9096312750069403
-0.296374179508382        -0.8886402180303269      -0.7393798167258998
-0.21255414401503914      -0.9771492904679581      -0.7557196957003752
-0.23222350876916684      -0.9074337562740588      -0.6486264270711861
-0.755749721529292        0.6548605640962034       -0.28173341939679797
-0.7289796858742569       0.5876585588024746       -0.31884210980507244
-0.7071067811865471       0.7071067811865479       2.1437508791444563E-15
-0.6852265535667409       0.6382072250491836       -0.10885196009590802
-0.14229686753069645      -0.9898240255171378      -0.540579722461718
-0.16688188669860013      -0.9216044584782129      -0.5053861055225553
-0.07132907168000673      -0.9974528377488674      -0.2816936497671139
-0.10067329742021293      -0.9310809910788066      -0.32123731108860104
-0.6548605640962026       0.7557497215292924       0.2817334193968004
-0.6379905052572892       0.685439349044171        0.10984278745064131
-0.5992776193225762       0.8005412762494296       0.5406410158099823
-0.5875076374690703       0.7291450298346329       0.31954961774481894
0                         -1                       2.4492935982947064E-16
-0.0339369712665161       -0.9358268465682918      -0.11110291460226186
-0.5406404313202579       0.8412537809851707       0.7557507766770156
-0.5340129159097747       0.7691430475954167       0.5034138665504742
-0.4777861056032256       0.8052400627115598       0.6465559077810651
-0.47924862180910704      0.8776791888236108       0.9096326862184697
0.07132907168000671       -0.9974528377488676      0.28169364976711436
0.0329580712347222        -0.9358382667778321      0.10791041266891745
-0.419138662773519        0.8372253038246611       0.7372980587258281
-0.4154147150715717       0.9096321314146752       0.9898216283286762
0.1422968675306963        -0.9898240255171379      0.5405797224617177
0.09965681806413612       -0.9311095954548113      0.31809934873245566
-0.3583604082674569       0.8649052965238943       0.7682248463575948
-0.34946337034296593      0.9369500268362956       0.9898209501981127
0.21255414401503886       -0.9771492904679582      0.7557196957003743
0.16583892135898612       -0.9216365011439608      0.5024936412858683
-0.2957400792927479       0.888151128650842        0.7368730377352702
-0.2817321408916256       0.9594930957482818       0.9096312750069387
0.2817321408916256        -0.9594930957482818      0.9096312750069385
0.23117049671392587       -0.9074525862745019      0.646136974047514
-0.23161364119219632      0.9068781255342211       0.6459173971608153
-0.21255414401503886      0.9771492904679582       0.7557196957003741
0.34946337034296593       -0.9369500268362956      0.9898209501981126
0.2953106967578811        -0.8886423210661326      0.7373928934805635
-0.1663234614485045       0.921018177443197        0.5028264832341397
-0.1422968675306963       0.9898240255171379       0.5405797224617173
0.4154147150715717        -0.9096321314146752      0.9898216283286762
0.35794224941679814       -0.8653157605031511      0.7689436523568377
-0.10020161595962118      0.9305096256585227       0.319174603949865
-0.07132907168000671      0.9974528377488676       0.2816936497671139
0.47924862180910704       -0.8776791888236108      0.9096326862184698
0.41876433792588275       -0.8375830646922907      0.7382350979282487
-0.033568517724795945     0.9352963419233992       0.10971272053934329
0                         1                        -2.4492935982947064E-16
0.5406404313202579        -0.8412537809851707      0.7557507766770156
0.47747508708076786       -0.805572949734351       0.6476842143809923
0.03321247897777974       0.9353044384381716       -0.10855522914715422
0.07132907168000673       0.9974528377488674       -0.28169364976711436
0.5992776193225762        -0.8005412762494296      0.5406410158099819
0.5337689701559183        -0.7694608298618936      0.5046228610387922
0.09985666017215568       0.9305323743512237       -0.3181254075963725
0.14229686753069645       0.9898240255171378       -0.5405797224617177
0.6548605640962026        -0.7557497215292924      0.2817334193968012
0.5873378934551732        -0.7294456254536826      0.32068194172554976
0.16603344606858803       0.9210296383231338       -0.502028169142921
0.21255414401503914       0.9771492904679581       -0.755719695700375
0.7071067811865471        -0.7071067811865479      2.097981369335578E-15
0.6378850778603836        -0.6857285971919477      0.11080005699332161
0.23137962075816962       0.9068526798131873       -0.6452990055209348
0.28173214089162635       0.9594930957482813       -0.9096312750069399
0.755749721529292         -0.6548605640962034      -0.281733419396798
0.6851375125634919        -0.6385366142913663      -0.1079447580304707
0.2955349845654373        0.8880462558768164       -0.736206790086313
0.3494633703429666        0.9369500268362952       -0.9898209501981133
0.8005412762494291        -0.5992776193225767      -0.5406410158099795
0.7288496916655468        -0.588114908476042       -0.31778820160407156
0.4154147150715724        0.9096321314146749       -0.9898216283286757
0.35816853739694654       0.8646737953173883       -0.7672821373747672
0.8412537809851702        -0.5406404313202585      -0.7557507766770136
0.768823754784214         -0.534703971582457       -0.5018344301448256
0.4792486218091077        0.8776791888236104       -0.9096326862184686
0.4189782574156505        0.8368482172999766       -0.735986928289651
0.8776791888236104        -0.4792486218091077      -0.9096326862184686
0.8048946982710667        -0.47856586111460714     -0.645327838394585
0.5406404313202585        0.8412537809851702       -0.7557507766770133
0.47765576979762575       0.8047309904921027       -0.6449019703113774
0.9096321314146749        -0.4154147150715724      -0.9898216283286757
0.8368905522882141        -0.4199907932896731      -0.7367085713884086
0.5992776193225767        0.8005412762494291       -0.5406410158099793
0.5338942806822038        0.7685167768537179       -0.5015194212081956
0.9369500268362952        -0.3494633703429666      -0.9898209501981131
0.8646454269361422        -0.3592622447782185      -0.768564064673007
0.6548605640962034        0.755749721529292        -0.2817334193967978
0.5874067223674192        0.7284040690557131       -0.3175244893760271
0.9594930957482813        -0.28173214089162635     -0.9096312750069399
0.8880051129178432        -0.2966675297291909      -0.7382099074032468
0.7071067811865479        0.7071067811865471       2.3429107291650482E-15
0.6379216413336527        0.6845806734931809       -0.10779192893440763
0.9771492904679581        -0.21255414401503914     -0.755719695700375
0.9068308552046873        -0.23252960610075524     -0.6480067876861332
0.7557497215292924        0.6548605640962026       0.281733419396801
0.6851826677194298        0.6372411212161542       0.11072698897374302
0.9898240255171378        -0.14229686753069645     -0.5405797224617178
0.9210454663947395        -0.1672070039351652      -0.5053616735102616
0.8005412762494296        0.5992776193225762       0.540641015809982
0.7289509801284156        0.5866212321153261       0.32027835278707956
0.9974528377488674        -0.07132907168000673     -0.2816936497671143
0.9305733887225408        -0.1010316036675889      -0.3218219021923398
0.8412537809851707        0.5406404313202579       0.7557507766770155
0.7690018815548364        0.5330083058043903       0.5037755813138506
1                         0                        0
0.935352855178281         -0.034345808388315226    -0.11226657281346657
0.8776791888236108        0.47924862180910704      0.9096326862184699
0.8051241215041195        0.476707812550722        0.64629691424921
0.9974528377488676        0.07132907168000671      0.2816936497671142
0.9354850651913797        0.03240825198361096      0.10599459137894897
0.9096321314146752        0.4154147150715717       0.9898216283286762
0.8371403498467472        0.41799846647596556      0.736354388819137
0.9898240255171379        0.1422968675306963       0.5405797224617174
0.9307963817152279        0.09901560817907819      0.3157785504491148
0.9369500268362956        0.34946337034296593      0.9898209501981126
0.8649140987780718        0.35714977606999826      0.7667263014829429
0.9771492904679582        0.21255414401503886      0.7557196957003743
0.9213667114701342        0.16509474546612787      0.49993984549371095
0.9594930957482818        0.2817321408916256       0.9096312750069386
0.9071799524304707        0.23035014401461404      0.6435535780458114
0.8883123917572681        0.29448035611144235      0.7349452989345914
-0.8213801533335442       -0.3058913228746492      0.5840040244330612
-0.8410011820281723       -0.24651765218754076     0.5361396432441504
-0.8563597665056073       -0.1858660465250248      0.44490723851193786
-0.8673625460596756       -0.1242698781654132      0.3176995770971134
-0.8739430921330915       -0.062055736920028644    0.16485117944511243
-0.7975959651663173       -0.3636587845435703      0.5846394045347703
-0.7697367029026028       -0.4195883161494382      0.5379909473657075
-0.7025145678504963       -0.5248809712631692      0.3215751898293235
-0.7379720354911434       -0.4734496433213249      0.44784553247238773
-0.7775023520371919       -0.2572890894266766      0.4307387326689878
-0.7572976231634226       -0.3120782161224522      0.4500816374280064
-0.7937710489253681       -0.20113828599322994     0.37654430679489304
-0.8060129337332307       -0.14393289765332948     0.2918555007892205
-0.8760516388977818       4.666970770588706E-4     -0.0012550730717040663
-0.8736806873452031       0.06298804724727526      -0.16715098890446442
-0.814140622694028        -0.08598443338634976     0.18352847113199552
-0.8181351765331519       -0.02769879406347388     0.06060312239010233
-0.8668723524780787       0.12517085469717157      -0.31935558333401987
-0.8556895000070995       0.1866772435923563       -0.4455729059508959
-0.6634925649347447       -0.5735702172205305      0.16933185896096595
-0.62103750511879         -0.6193329914659653      0.0032527152643482475
-0.7331975382629169       -0.3652489416737021      0.43294494329715444
-0.7054319837762032       -0.41663947287159203     0.38095961730804756
-0.6394485465965581       -0.5126700442648868      0.19153255619051834
-0.6741735669293675       -0.46586311683249226     0.2983433660788884
-0.5753592467104519       -0.6619681219095103      -0.16326008542950995
-0.5266923948958223       -0.7012536387020637      -0.3166766491560959
-0.7340791931016802       -0.21246867408120376     0.3080240905387867
-0.6965871255065755       -0.3148109259462923      0.3386985489876277
-0.7172099972741517       -0.2645542199315616      0.33728078283926005
-0.7473424453456616       -0.15972092903206261     0.2544907772984244
-0.7567113473708393       -0.10564999763769893     0.17954320323674303
-0.8179543376424512       0.030693796503919568     -0.06709354366903741
-0.8135548050018331       0.0889950323294298       -0.18938868722403035
-0.7622824894637182       -0.0515084726888515      0.09084359992109965
-0.76397694571886         0.002999653667711553     -0.005349514048274145
-0.8401878219866159       0.24716434326991968      -0.5356250498284169
-0.8204171232370552       0.3063412647391252       -0.5823107722493016
-0.8050372970998403       0.1467961085244466       -0.29616452779095276
-0.7924748670722268       0.20378759274710165      -0.37885951110313637
-0.6014188211500667       -0.5569277198008037      0.06904680159827135
-0.560283150896212        -0.5983543763766993      -0.05915185505007293
-0.6724756417045417       -0.36379159230583724     0.3130193673361931
-0.6451937653193741       -0.41056594614588365     0.2624668792718159
-0.5804389570217677       -0.49816229177021754     0.1026407615748043
-0.6144368680109531       -0.45579792832738364     0.19019277952052138
-0.42139744581821675      -0.7689196033457327      -0.5361356744930338
-0.4752744040680161       -0.7369699337999381      -0.44446480350805334
-0.5162462501725965       -0.636739941472191       -0.1826687305999687
-0.4695143125133699       -0.67187281282806        -0.29143876009178854
-0.6911644759023977       -0.17261718114924282     0.2137555340006775
-0.6774472388573095       -0.2191689526378378      0.24403013688889616
-0.6393564412645236       -0.3137011146559884      0.24899685005657188
-0.6600404192713001       -0.2693145841673215      0.25818893036030827
-0.7964564907345412       0.3639804318475494       -0.5819428882878729
-0.7683925757113195       0.41982988702360213      -0.5344311879629124
-0.7086645468628613       -0.07200617104996836     0.10145104866229136
-0.7017420217450617       -0.12044562230338729     0.1615784351026794
-0.7618040729355489       0.05733545025981787      -0.1008188935389935
-0.7554948682667005       0.11178690871788255      -0.18859403078952283
-0.7115627235522701       -0.01975495427443798     0.02844333576670732
-0.7120560679479611       0.029052144881481307     -0.041879770177234675
-0.7759039744523258       0.2597124377587314       -0.43089076309414726
-0.7554582359655441       0.3141630651210208       -0.4481065388574789
-0.7455452761923343       0.1653168121588959       -0.26055433726485994
-0.7318697010671428       0.21797445587107875      -0.3114749773361638
-0.36541364657886016      -0.7969330883058299      -0.5842508958332239
-0.3076281171694893       -0.8208528296244965      -0.58499180315827
-0.5435291001896433       -0.5384736112021162      0.006404071056991505
-0.5038364405675266       -0.5757407656732458      -0.09007091777397676
-0.615468674484616        -0.36026932756688407     0.22084882207419687
-0.5891751404255325       -0.4009863606728655      0.17608992085827666
-0.5256251646016814       -0.4805432351598256      0.04583202886269124
-0.5581083926251657       -0.44426766577399707     0.1131694450969888
-0.3689872337953213       -0.7316578552478537      -0.43105826964433946
-0.42030605085989486      -0.7035728985898256      -0.37657092966617073
-0.4169102206732643       -0.6415185286772518      -0.254329589161149
-0.4615927363933078       -0.6103401389051788      -0.1796815136625829
-0.65593941553923         -0.137458054973714       0.14835737211159616
-0.6298672017099458       -0.22851630073358922     0.1983446982080209
-0.6311525840064249       -0.17863959415162148     0.16526688352540028
-0.5914638127745095       -0.31598185528608524     0.18687486204251813
-0.5999466691390962       -0.26667661381208313     0.18483825670420134
-0.7312265418382796       0.36688144071859413      -0.42933163389492585
-0.7363847470177975       0.47366773172443905      -0.4435344767459946
-0.7030010750461608       0.417799714831621        -0.37554410775710284
-0.7006824060209191       0.5252277950450529       -0.31662768483620113
-0.6683465021524287       -0.041738895004975914    0.04964882229245821
-0.649990140142971        -0.08690271717438229     0.09375380609769093
-0.7069275394826193       0.0822672841036696       -0.11468248896664401
-0.6999792243360243       0.13026764167023966      -0.17251636587322874
-0.6677478417525663       0.05380857161317071      -0.06366491280338639
-0.6560942749050593       0.006366559214555897     -0.007192097175721572
-0.7145766792717159       0.2693297239616396       -0.33724339660555386
-0.6935510398266004       0.31953520065239666      -0.3358854517794097
-0.6741983807757804       0.2286354806331771       -0.24802777191122474
-0.6882891774143233       0.18148643992737024      -0.2202519336015988
-0.31584509698857244      -0.7559867290434958      -0.45057183412305174
-0.24829003671141914      -0.8405715641801385      -0.538383195615061
-0.261106487667613        -0.7764603523097984      -0.4336259817769235
-0.1876764421228032       -0.8560011778899407      -0.4482234942371592
-0.45222672764896216      -0.5511744959453089      -0.098984235784098
-0.4891059648578156       -0.5191174418125429      -0.03073453646334856
-0.5409405539866865       -0.3972238281971473      0.11588237241137649
-0.5568852052119773       -0.3496886450936709      0.14631855937159108
-0.47826039582338914      -0.4698335596985257      0.007179398090387758
-0.501135820691423        -0.4252070317647439      0.059951835386419745
-0.3213078154153881       -0.6940367936098739      -0.33757313897633456
-0.3699590605133909       -0.669668253516235       -0.3087783288173575
-0.3696127264840583       -0.6100966174410307      -0.21250987149318926
-0.41060025744480183      -0.5833344497144789      -0.1644888098165468
-0.6063451872356209       -0.12415646329094512     0.10606361272454778
-0.5808879564292926       -0.20806894046115426     0.1421975903253705
-0.5764066839246076       -0.16052367749479526     0.11342710667734272
-0.5497649791630242       -0.29089534407738554     0.13920404575996834
-0.5486379617191804       -0.24122547457582563     0.12853960657180571
-0.6697562645986332       0.36692682165135704      -0.30859886840882883
-0.6711690986125762       0.46722109713374227      -0.29122044398247177
-0.6406393275890906       0.4126269618821373       -0.2539379057159778
-0.6614718605360812       0.5740758176951428       -0.1640168419215409
-0.63611136504779         0.5145303621025783       -0.18314980599389885
-0.6189027799518955       0.6198492781637773       0.001799172907968984
-0.615831503572202        -0.03562329847468023     0.03316793452270971
-0.5930509886999323       -0.07695176648921832     0.06311825842966681
-0.6531573650638464       0.14800923721483167      -0.1564927731549521
-0.6484449010826989       0.09997450440606799      -0.10644620501984524
-0.6150739961102015       0.051932048472168216     -0.04798996799062167
-0.5976764691112206       0.008318308051910769     -0.007104171240834638
-0.6352227572799892       0.32201306391691004      -0.2453059816678497
-0.6550657600054396       0.2778970885448581       -0.25622633551848223
-0.6249588267290442       0.23971717611424975      -0.1996117731339396
-0.6277688534814037       0.19112781199384687      -0.17161040627499308
-0.27088947576413613      -0.7152138484052328      -0.3395519704736336
-0.20503517771515664      -0.7929468740525293      -0.3815608892773566
-0.21926306265167686      -0.7324382954351215      -0.3137328567383986
-0.12607613538470117      -0.8670487330459141      -0.3217649452881144
-0.14789883919880378      -0.8053541394836997      -0.2985950256394094
-0.06375957454228094      -0.8736608004754811      -0.169164898835968
-0.40679250566048897      -0.533144524866129       -0.10302754476915395
-0.4356572158250142       -0.4924229640003654      -0.04520872416397681
-0.5015855624660122       -0.3651990917432638      0.08661542141016887
-0.5096913596743345       -0.31741566349437733     0.10291482891616047
-0.44428317420247365      -0.43287352693189274     0.007698262816201997
-0.4591127190212408       -0.38654967932902384     0.04356187424487146
-0.2788309623788009       -0.6558876991890686      -0.2578178191306751
-0.32343751694026973      -0.6355811731072082      -0.2461501091454015
-0.32712575118934606      -0.585448909905986       -0.18058650277523375
-0.3616468506171749       -0.5494651223241875      -0.13601885712670483
-0.5418503883959593       -0.10820784942773828     0.06612414719120226
-0.5211435622786962       -0.1844042679127436      0.09134615143783885
-0.4906581719300364       -0.2571997408998882      0.08815001940454488
-0.6083110092066286       0.3681829386110243       -0.21006430944188234
-0.6096381900504424       0.45945844523193774      -0.17988711587831
-0.5823248749233462       0.40889387454488174      -0.1637333179479927
-0.5978132841999338       0.5588322736782919       -0.06025008061025774
-0.5751740466137089       0.5022933138722181       -0.09074683943586061
-0.5731927845719417       0.6623416957561462       0.16726704418077165
-0.5564705555971418       0.6000742170551975       0.06735792255792668
-0.5245602928065785       0.7013948425560973       0.3190482171195928
-0.5512216979670487       -0.029948708412504164    0.02000887197135671
-0.6048473675806264       0.13979555160881393      -0.11711862949004566
-0.5913963490337079       0.09350997169470468      -0.0754309622558913
-0.5501480690895797       0.04876704770627988      -0.03223109625648534
-0.5852011886941287       0.3260291303249783       -0.18023118636802124
-0.5942699222694101       0.27862055408720976      -0.18248517352498259
-0.5764473175582937       0.22356204224903087      -0.1455208844710522
-0.5724836850257926       0.1766886034930482       -0.11997293684343557
-0.22968532521875085      -0.6749338958306487      -0.24975568658568695
-0.16632924043249664      -0.7461562337902703      -0.2626506380027978
-0.18267017732019727      -0.6887265203291962      -0.2219157403602132
-0.0899022201190015       -0.8135908981020507      -0.19129757562964597
-0.11269918612017837      -0.7557228743095156      -0.19023826878489758
-0.0011199089529807863    -0.8758701445277753      -0.003009850991169558
-0.031135439133345134     -0.8177434652142703      -0.06800327042074637
-0.37926373998242274      -0.4929672769412536      -0.0741653320921028
-0.3996680025995473       -0.4478499218069061      -0.02923329133163387
-0.4493115392860778       -0.3244959104831402      0.05633802627792773
-0.3991365329323605       -0.385089427327519       0.0067747050483159
-0.24033445497810554      -0.6254214961906781      -0.20044319496847113
-0.2796825249631189       -0.594497243579222       -0.18303606355671345
-0.3057157415366306       -0.5417106721133241      -0.13247273354310082
-0.33241723202247564      -0.4995534052871108      -0.0923624490600699
-0.4783625211650105       -0.05671760615726436     0.0244833969534636
-0.465665025752223        -0.12572928859583962     0.047078633207002694
-0.44364941613337944      -0.1903018484490234      0.05423604116844633
-0.4122118342734777       -0.2518590683866385      0.04421755774950487
-0.5482572522970993       0.3600875736946823       -0.1349770432653132
-0.5505516629993223       0.45103059537146317      -0.09900222959326908
-0.5323947159692977       0.405746698418268        -0.10266234256056365
-0.5380220622080563       0.5421272722683687       0.005173543286740064
-0.518597921090571        0.487755190166568        -0.031408947310622985
-0.5122421414810282       0.6381455028787492       0.18937950282640822
-0.4977738477622951       0.579144344962831        0.10104712634809777
-0.47318816576583417      0.7369187709004518       0.4451377274659576
-0.4654668791162768       0.6729070961274646       0.2958545476014796
-0.4193673887168432       0.7687667889662881       0.5353446100111566
-0.481624165342126        0.010732873904770764     -0.004791961044355164
-0.4171330427469001       -0.018744652804222134    0.005431960644912122
-0.5384649871713049       0.12703800215449598      -0.07493402591364444
-0.4755663051282277       0.07971533515808692      -0.0333292558561818
-0.5411596635840957       0.3046364705893165       -0.13191205357895197
-0.5415314660973918       0.25637947202475125      -0.12635477324727576
-0.5148898993373344       0.20191960945905343      -0.09331290860603877
0.06140665749116351       -0.8737277319657171      0.1630231529598909
-0.19214694291787943      -0.6280217932979698      -0.1725593902257552
-0.13131372036667935      -0.7004307468594154      -0.1741460155895556
-0.1490063560697918       -0.653216704850327       -0.15747616943316134
-0.058047830849614124     -0.7615780670226298      -0.10196633764364195
-0.0827752429986818       -0.7070862890028031      -0.11544949641779571
0.027407871403005463      -0.8177281295761762      0.0598782753913615
-0.001995298721359685     -0.7629460168141842      -0.0035438665721501533
-0.34079578064238664      -0.43801898996025573     -0.045220467017650916
-0.3726990092508547       -0.3082415016757474      0.020167460789003163
-0.32578486443686744      -0.35869321144978666     -0.010529278630960226
-0.22452363982446688      -0.5768163180629622      -0.14623741552820865
-0.2578096078942127       -0.540614436485327       -0.12588137945059838
-0.27543705220061976      -0.48139719225254984     -0.08269101601834816
-0.41374659110119794      -0.07884468949118109     0.021524051723780732
-0.39523767543909505      -0.135899470137087       0.029594983005430054
-0.37399749463770093      -0.1907946498477681      0.029529639927781116
-0.3429553744028172       -0.24012075896426407     0.019750267164873467
-0.499207227706017        0.3305128280215978       -0.09237269231993873
-0.4892682020201784       0.3765181003712382       -0.07192917402199434
-0.4912374066064383       0.43424882066780207      -0.0450043850697766
-0.48059119142778695      0.5247160266700306       0.044747673741081684
-0.46982012332758794      0.47723108109130397      0.006293145731221141
-0.4552682299788767       0.6130342576208951       0.18815492245784246
-0.44379043900277965      0.5567792979125603       0.1117329572752891
-0.4163344814994083       0.7042657283177732       0.3784210688131868
-0.41005835302411603      0.643908692323745        0.26031072968760194
-0.36348035917308064      0.7966566284334792       0.5820798010254077
-0.3649760433249376       0.7321343619891499       0.4305417631392668
-0.3057991489149391       0.8203703989881013       0.5815032115039528
-0.3623543425183685       -0.03836267430238307     0.007217816283743115
-0.41731335595598973      0.04132582793824844      -0.011894278438363088
-0.36471430422505235      0.009498983283783935     -0.001839741897548238
-0.45952490271928076      0.14598707511489015      -0.05094040371077404
-0.40592615973253565      0.1008603138765864       -0.025317532236521247
-0.480890527737825        0.27315868373914565      -0.08232074804822591
-0.43380903057795717      0.20943137222053798      -0.052447435538702146
0.1235669989381994        -0.8671740885429542      0.3157686546551188
0.0854373753047661        -0.81387242074582        0.18220540896607187
-0.17815645153463378      -0.5719020393446566      -0.12036284401711236
-0.14065481229393126      -0.6051636803257426      -0.11794775041940793
-0.10082896732025934      -0.6492879718832932      -0.10773612901808713
-0.030322841307062698     -0.7115730926608524      -0.043616795567161186
-0.05454555573897206      -0.6678207081765513      -0.06454682738700467
0.051557370839724066      -0.7620251959913825      0.09083602827733239
0.018544891415881587      -0.7105798694917792      0.026593195106408205
0.18511649794211996       -0.8561529785868478      0.442957903899548
-0.27281372682303306      -0.40086786995390306     -0.0377356617860404
-0.30626587978451947      -0.28939982704085454     0.003560024482150323
-0.2629468107143162       -0.33053457615261117     -0.013945664092232057
-0.20442799936446515      -0.5148308989437648      -0.09400737236065457
-0.2140792298674706       -0.434190498748941       -0.05305076659987173
-0.35268963971355693      -0.09400064066729519     0.015323745991596091
-0.3368543251503701       -0.13933788232246808     0.01765729249446341
-0.31117287617138584      -0.18997573485815272     0.014360051476548114
-0.28429196628733205      -0.22945576624643182     0.007351480235748634
-0.316277803090351        -0.05892131504699016     0.007197875831353048
-0.4364604928908867       0.33816331171360636      -0.04496197967707972
-0.4464628933036917       0.39780342950263403      -0.029183647122059352
-0.43169365874764215      0.44314315774032914      0.007664145043664355
-0.4248311360938427       0.5001037820420743       0.05916897249448348
-0.40012565828490076      0.5877761393072769       0.17439448348397493
-0.39669469527852785      0.5397473371735895       0.11472762876600137
-0.363456653796031        0.671374018231585        0.31101143205346765
-0.35965259626758234      0.6141053062108167       0.2188935180871788
-0.3117812669131752       0.7562310886287911       0.4476722923211089
-0.31440859050702935      0.6956313207025023       0.33685897219360234
-0.24652717668817614      0.8398713045301974       0.533863194439009
-0.2571820733096611       0.7763124525866059       0.4284679312426894
-0.31042644492825355      -0.012974595960353153    0.0015494621565290778
-0.35794292115985665      0.06562242039338656      -0.01163333245227339
-0.32042810844754377      0.03282846291348637      -0.0042750915680296086
-0.3884930343683248       0.15695781782058021      -0.030799648999277462
-0.34606373863315554      0.1142457694648289       -0.016873183726770494
-0.39935203387548585      0.26891408430658387      -0.03744312523768619
-0.3597036377438414       0.20964902420466863      -0.025771901882085585
-0.356466501097743        0.32301284215424875      -0.010468099647541378
-0.18597673277660468      0.8551473007380634       0.4431955790904885
0.1431962262216239        -0.8057457004139605      0.2901643421627346
0.10508788368675627       -0.7564992926622244      0.1784731572577628
-0.12943442230060123      -0.5390397183230359      -0.07643100214070113
-0.09448268007548875      -0.5923755822347792      -0.07656284682062674
-0.05302440369827019      -0.618922091733434       -0.049913507269273905
-0.0076535340400827505    -0.6566711366091161      -0.008668429184708386
0.07102429385088836       -0.7085030932919292      0.10002648681301209
0.04035834385830178       -0.6681749712652818      0.04798157713868047
0.2457232489620742        -0.840727778565979       0.5341813808056711
0.20032181256926643       -0.793359785028187       0.37461500802800224
-0.21476705876640328      -0.3643170611270845      -0.027101460431599663
-0.2488811301042461       -0.26934594743635304     -0.0028455822813384275
-0.20912508288809453      -0.3005660040350945      -0.011715897283028534
-0.1515555919292514       -0.45985608938888123     -0.052543964591272356
-0.16063049251840827      -0.3878902741559348      -0.031069731417775737
0.30509831517253555       -0.8210309984060137      0.5821530906171551
-0.2939083699353211       -0.09918760877196157     0.008924483289992036
-0.28613201472210564      -0.1453087689510137      0.01010492458059876
-0.2551034036672745       -0.17828550067194499     0.006055477696793251
-0.23563298762434212      -0.22183564697531288     0.0013201648549187274
-0.25845852477203957      -0.04802517361103646     0.0032059642479883256
-0.3836547062533128       0.3969437570201942       0.006320347754598817
-0.3854872642005179       0.457701324894001        0.04297429923201427
-0.3642686020818015       0.5006671396303657       0.08605954008081672
-0.3486419663975616       0.5553379757289528       0.14470895779331652
-0.3129138187446749       0.6387029527473815       0.2478444653273522
-0.3156144744839594       0.5904521500763991       0.1856202904490836
-0.2642001340140168       0.7161512954175677       0.3353251748454304
-0.2688039176436225       0.6592563158216672       0.2568546644850476
-0.20143722479516454      0.7923765024618733       0.3749526170049317
-0.21227542848055847      0.7328697317363265       0.3061837752191297
-0.14462328780582193      0.8043894358785583       0.2913556635365188
-0.26385208659376425      0.027258105028710455     -0.001983101692332369
-0.19859819543188184      -0.01069529148306559     3.340062047343351E-4
-0.3017701515596697       0.07605572002301028      -0.00782825792368605
-0.3245322832387866       0.16418892488194475      -0.016701643159515885
-0.2978585352611981       0.12192620783752661      -0.010728494658856487
-0.32878112709075646      0.26005763973745977      -0.013838302552674127
-0.30119387844952733      0.20458533985262942      -0.012044126000874117
-0.28480319980733243      0.30183508508226814      0.003434846344088359
-0.306496229666389        0.37035205800888704      0.019620602035677778
-0.12447383942842931      0.8661454926536417       0.3168426532522377
-0.0854292901680854       -0.47715589341230213     -0.03592898600749001
0.15898885331728418       -0.7469622247503834      0.25303655604901154
0.12009543216151267       -0.7017779246182736      0.16116238605441346
-0.05139136163767501      -0.552436154943986       -0.03436452506318883
-0.009531996636782052     -0.5997872303310359      -0.00822748631308526
0.03494682382632439       -0.6198399926048775      0.033181679679103064
0.08548821386593419       -0.6510230143394989      0.09272638273539792
0.25647351857853984       -0.7768947883973579      0.42861937036882575
0.21176674609822668       -0.7331774849968412      0.3059926447473196
0.31146355001790094       -0.7565798424973299      0.44810616887397553
-0.16258125468444157      -0.32881084563684215     -0.01746574239545774
-0.19502405332687223      -0.24428386416781356     -0.0041239657372316866
-0.1639238212321223       -0.279623061926186       -0.009409352993354483
-0.105545969387082        -0.41154788604450354     -0.02749004632680072
-0.11745731608387878      -0.347543664935678       -0.01747055435300088
-0.05034017160405922      -0.42456412222235757     -0.015192308622909304
0.3629644684466926        -0.7971897653097475      0.5830599188914061
-0.19376995078663084      0.048218048099706375     -0.0013163293055019334
-0.23362109868617673      -0.11975711813054106     0.004506560774003704
-0.18981197916384662      -0.18146608538290732     4.2848583194272374E-4
-0.1864930957850268       -0.06649459258549409     0.0015040922279527973
-0.15589663447346347      0.018936310214238344     -2.8354328992383205E-4
-0.14383269342242536      -0.021939433204496466    2.538610225053446E-4
-0.3229882178259902       0.44764878803704145      0.055570704261879704
-0.31610474012315437      0.5077369823531994       0.10135467000499862
-0.2888081084710747       0.5463157880791825       0.13571595869001293
-0.26644027953193533      0.5990812667527406       0.18382631104378985
-0.2183933550304793       0.6766484698256943       0.24244080147964317
-0.2282045251905652       0.6292866442020418       0.1975538271011806
-0.16063015630922822      0.7457772815101579       0.2541438968732322
-0.17180962742480096      0.6899523886160598       0.21171994169567218
-0.0867278660624724       0.8126018462620518       0.1840235286053078
-0.10763652354125838      0.7544192394134714       0.18110294656595072
-0.24485277369085762      0.09952211005055578      -0.004883272402370764
-0.26822544853972363      0.15593312888129587      -0.007967958452302458
-0.26520727478100004      0.24767300421683258      -0.002361945488453153
-0.25252459509157255      0.1997881736875496       -0.004813726405795338
-0.24134393234061857      0.3419759940040437       0.019377360550233844
-0.23084489938429187      0.2803236081015893       0.006544637717106872
-0.17460282519152473      0.10098335988881163      -0.0014302608936618644
-0.24972082067333698      0.4106958817555262       0.04360820726426689
-0.1903951555515873       0.37237364961591835      0.029042107574011284
-0.06230111236655795      0.8728169940799951       0.1648551861915444
-0.02820131204977327      0.81682508094588         0.06140364942853765
0.3649320457249699        -0.7325198537214387      0.431354695968936
-0.014955911517174217     -0.4870181262657735      -0.006899920869705554
0.17193092052787207       -0.6904289773533295      0.21230876276869734
0.13536925143593612       -0.6555820359929914      0.14605876876076604
0.027481579305908187      -0.5541728535046202      0.018665245116924033
0.07492400518050715       -0.5948391730187105      0.06207378452110436
0.12169934674806887       -0.6084439095844293      0.10525743562827562
0.26370051715597936       -0.7157689426687538      0.3342991375354874
0.21880544566491925       -0.6753163254876094      0.24125044866211162
0.3148548503566844        -0.6952227498555317      0.3363946402821558
-0.11962690538961415      -0.2921089817227049      -0.009925934637127735
-0.13326180987158892      -0.23234561406847493     -0.0044880826378640186
-0.06563761799287988      -0.3658679475164764      -0.012441451779182558
-0.08084568951551308      -0.3167344325670439      -0.009607424767345371
-0.017939161206540787     -0.3797884792298166      -0.003918782144135399
0.014303220190576532      -0.42769731711225223     0.004475502266908934
0.4189954455702118        -0.7692812572250115      0.5366501014529853
0.4164041584180597        -0.7046440876208989      0.3792451949288358
-0.141345281987576        0.056981033158442225     -5.401850836243221E-4
-0.12623835378802467      0.09655240564903297      -3.2258662743704365E-4
-0.15526973495690646      -0.11864154050961434     7.398522349335795E-4
-0.11606284647382903      -0.16561835525346474     -0.0010739090736050937
-0.11831889962792622      -0.06759016190347066     3.011175638745526E-4
-0.10740872563613224      0.017702583037258447     -8.58115290514078E-5
-0.0961370660831719       -0.02270568128107259     7.582461830056342E-5
-0.25582509406100523      0.4887101906585582       0.086729302533613
-0.2405501946291936       0.5470164448924499       0.12703757317439407
-0.20791539276944765      0.5812226989064064       0.1423925155043525
-0.17814468020861868      0.6302760381499033       0.16416275162874097
-0.12029212731416941      0.7001093983604589       0.16023902086705602
-0.13632951893555229      0.6546172860725357       0.14633457341549952
-0.05261077800328244      0.760954799348116        0.09228347321225781
-0.07263423415708212      0.70727053223266         0.10171059004047218
0.0024700469578345036     0.7626415033872064       -0.0043822077112514
-0.20615892495190224      0.1627622754434114       -0.0021510225954094087
-0.2138715971743404       0.22434437183950062      8.810449880545563E-4
-0.18575882987192396      0.3129475828762991       0.014748762140740385
-0.18630325697828598      0.26370510449535545      0.006845196458607451
-0.14127245513220155      0.335583669317656        0.01756913335666652
-0.13752043272577846      0.14368926421362965      1.3819119144161754E-4
-0.1888135546955702       0.4418212699292007       0.05323767587567264
-0.13588626926839717      0.3949373171923747       0.029516356602586256
0.030290434679074548      0.8166233398648454       -0.06589141220870344
1.582454145393168E-4      0.8750390604316899       -4.241780706311851E-4
0.36454857710283617       -0.671741180152844       0.31182038522502237
0.05564055481028959       -0.4860824163991228      0.02522884918895507
0.17694917891823897       -0.629624335117506       0.16271731032305073
0.10410807008193658       -0.5457891406136699      0.06524936497515106
0.156940052252432         -0.5767614284758478      0.11152877863564799
0.26859428417728815       -0.6571327060891485      0.25393545696517034
0.22777629543856087       -0.6256652741682756      0.19356819678529014
0.3158429226247068        -0.6375478421086889      0.24704017356128147
0.4111996523085299        -0.6434733743705321      0.259274805279566
-0.06675636215324768      -0.26347020130985355     -0.004565248776238494
-0.07663783885667635      -0.20541143858695654     -0.0022889896052539598
-0.021193815129392862     -0.3151983035134146      -0.002646797629684849
-0.019010371768801874     -0.2656182333401145      -0.0014161533270782526
0.03531769353601745       -0.36726036297486        0.006929518250973912
0.07877000496169488       -0.422497194126284       0.0229350807260339
0.4656849206520773        -0.6732844054079488      0.2965421185287616
0.47287990072085934       -0.737444891868603       0.44665419068026396
-0.08812485634411427      0.11651398675529345      2.3972229688847536E-4
-0.08959837269112976      0.06459438422898789      -8.860493839124957E-5
-0.08731049000463346      -0.11092292980180818     -1.8088051518329152E-4
-0.05101317092914327      -0.1593603713628709      -7.406253346635884E-4
-0.05942407853492622      -0.05337688575035042     9.113195419241997E-6
-0.05170093319444944      0.011675491415696149     -6.237012956432816E-6
-0.1837900220087166       0.5197361795633078       0.09032346568640766
-0.16020345748278547      0.5750563085957916       0.11240012583846148
-0.12299514227635433      0.6036546113263281       0.10372395707065339
-0.08712288463900673      0.6493382933001727       0.09369606913428517
-0.02017833443468144      0.7109123216413703       0.02897222613236952
-0.04239910962645646      0.6679996930455714       0.05034943495272813
0.0568294831976183        0.7600519000136405       -0.0992489517442983
0.028833330723024783      0.7104166740170785       -0.041278414000700474
-0.15151480224951827      0.21507551954253673      0.003039991449883799
-0.1424493473943597       0.27683067245705334      0.0088871253815452
-0.08979106769276057      0.3508558250492331       0.014495310469120464
-0.10335406101418076      0.30555696871505705      0.010444879144773277
-0.09172166233083168      0.1772229270073821       0.001494093619342905
-0.051170135346089274     0.14370053821899292      5.297755740883631E-4
-0.1250217094111483       0.4639455040885461       0.04631035300355865
-0.07805969527028306      0.4090717856110725       0.020595516210029616
-0.040773440430013096     0.3608157376636758       0.007564404417194624
0.08842442379692939       0.8121604092324026       -0.18722980154539196
0.11092864466012148       0.7535750732004631       -0.1857653471381524
0.06254991077699128       0.8727329921325159       -0.16545895878488928
0.36264981834912247       -0.6142303301238383      0.21897287919956968
0.12413668745337254       -0.4793207214572343      0.051009241895380364
0.20594811264823565       -0.5749335815097445      0.13645957905426978
0.16732178607828865       -0.5283063837716276      0.08879248878714656
0.2685750558919341        -0.5913102409353398      0.17629498456895082
0.3221782467954507        -0.5861979057031845      0.18117236623074837
0.45633900941718253       -0.6135599110641523      0.1883878686777584
0.402615211609646         -0.588739159114675       0.17494653981149946
-0.016718104541146573     -0.2168744053702657      -6.782170855729107E-4
0.028138202432983494      -0.2678115441630749      0.002130649408597299
0.1467274504762631        -0.4195379989283475      0.038035716302528055
0.05736652969217347       -0.31547849381482757     0.0069715892466065835
0.10296208189063295       -0.36618098609609157     0.018622613804913233
0.5124384466208121        -0.6386471166555795      0.19017600505265966
0.49794598581684024       -0.5797288992930906      0.10176805992397973
0.5243344256658771        -0.7019045835394849      0.32054447871987307
-0.03313717577315397      0.08677473604443842      7.394061694790905E-5
-0.024300877900970377     -0.10061770139351987     -9.267942554757226E-5
0.014151816041892177      -0.1526341368156794      1.9948151191053243E-4
-0.0026717449481337315    -0.03734128711370255     -5.586799821840367E-7
0.011127905196632554      0.030830801960656722     -1.8838012224978325E-6
-0.10820903923352714      0.5403758102403045       0.06557224523476556
-0.07698836489903602      0.5924547947673873       0.0629576069572862
-0.036317369441675504     0.6181057198802368       0.034185131081806965
0.006241293913006425      0.655249181424538        -0.007023041625784459
0.08119968939350014       0.7042260880398766       -0.11192937016906356
0.053350817414684656      0.6662607506508758       -0.0627075292995984
0.12909143995917585       0.6979848158830189       -0.16957518945589287
-0.08470038872868862      0.249934802798703        0.004686283080927288
-0.05612019763532574      0.30592147828465327      0.006210890386907788
-0.013459040037386256     0.3220576682542704       0.0017948692361698017
-0.03729936050071042      0.19442345070516281      0.0010551581926518472
-0.005567621781636049     0.14356759058268792      6.656372647805318E-5
-0.058169471518396736     0.4769777973032688       0.02487314448499762
-0.01898202005152002      0.4170456886683496       0.005495408199972504
0.011636512558511248      0.3601582851738673       -0.002172530632774955
0.16404771591872214       0.7433958693873003       -0.2564524253655101
0.1460364536043874        0.8035985956930278       -0.29312362162721556
0.12462782388336295       0.8659599684535336       -0.3170116277869732
0.35951429965356513       -0.5576825192931053      0.14576973995424136
0.19143619708803516       -0.47419573402855175     0.06834498614430541
0.23627069064137557       -0.5287843809373187      0.11184173256186035
0.30341483891792087       -0.5289099960310173      0.12047076058978859
0.4441882828555188        -0.5581599253526328      0.11328580692435632
0.3991614796917241        -0.5427120113320519      0.11715668347514678
0.4800396477581616        -0.5248548381960605      0.04538900653352556
0.2098421575231178        -0.41322743233328774     0.043952733997920074
0.055235847602797934      -0.2048902439897916      0.001760914760731437
0.09411177047586435       -0.2568011316654032      0.005519635384385875
0.17045863014119966       -0.3627771698320906      0.02536751000665204
0.1312625377297119        -0.3100626870518267      0.012846723988076991
0.22466044270391516       -0.3614585690508309      0.026045973453362938
0.5379735515772075        -0.5425768142151355      0.005807867823642538
0.5564818163785917        -0.6005795289727315      0.0682102108483479
0.5730665408766127        -0.662809495643438       0.168509868809804
0.02233346089345233       0.09840991714223868      -8.051902298389137E-5
0.0404248107097742        -0.09035984753741522     9.675754440723688E-5
0.08155848899909524       -0.14398346037465723     6.634760936841739E-4
0.06784270403513687       -0.022199581377282635    -2.535548796931633E-5
0.07648837169938516       0.05391438449725974      4.920042590703284E-5
0.11799959469865384       0.012742745889409563     8.266947654479336E-5
-0.030314742512802924     0.550794405167344        0.02020462398906057
0.007970014981186675      0.5977531284851698       -0.006810474165537854
0.051876711271954215      0.6153271915369251       -0.04799801000753023
0.09902141248351659       0.6472564439137667       -0.10489212664556989
0.17888863756511308       0.684108072413378        -0.2134308411153172
0.14697918787850983       0.6514625813410648       -0.15427027770744353
-0.011443603117577028     0.2615193845746409       8.177499973121958E-4
0.031079677366997273      0.30908165526609244      -0.003633976738976859
0.0184125399687793        0.19560629424093134      -5.444070281166159E-4
0.036361477957138254      0.14716903153487926      -4.356824074278929E-4
0.010964519335563276      0.4805677595907481       -0.004863930174273932
0.04050945501549823       0.4146827666674652       -0.011443039283167365
0.0622297314294438        0.35722539331353326      -0.010999584440501099
0.07822512096542958       0.3118693543257277       -0.00889418984594503
0.21661379084432644       0.7298834689179605       -0.30722842527097644
0.22626679806489924       0.6731123317498191       -0.24482541330682125
0.2029775411304863        0.7910706746795938       -0.3754684942680171
0.18613481112797303       0.8548213984998428       -0.443011208800729
0.36508225087602353       -0.5080524775365698      0.09261696676799179
0.2652357266584028        -0.46483418039683355     0.07187049135304742
0.3269647316175049        -0.4759743686506643      0.0744843166444929
0.4244073534638673        -0.5009259753632772      0.06021222385359264
0.5185257451889308        -0.48840451312372785     -0.030728004908106652
0.46913940938721976       -0.47786224685895584     0.007406466803925193
0.26855171468438666       -0.3925183211553238      0.034550386748271204
0.12985590346550288       -0.1914586076495328      0.0019691282601857108
0.16279957529841999       -0.25112102435748246     0.005982684746179683
0.20716195155902448       -0.3060676211812984      0.012874444615324361
0.266315201368496         -0.332059215678362       0.013916426870231554
0.5754541573808837        -0.5026184768624189      -0.09084444374071027
0.5521514624379943        -0.44984980561749527     -0.10183978164221737
0.5978560809363034        -0.5593358944641361      -0.05962392688326359
0.6188316596961185        -0.6203159065022017      0.0028239251564071972
0.07258615495660657       0.12001014026405617      -3.1859404311895085E-4
0.1056080239586044        -0.08710789892123764     -1.3246155802985836E-4
0.1325692325336589        -0.1336368337418861      1.8653792128385037E-5
0.13715270862537637       -0.038379430012516605    -3.650142965048948E-4
0.11820271013985388       0.1005446971249653       1.8387533724907107E-4
0.1406822077296457        0.05818664809213595      5.374825241310012E-4
0.16783198140372513       0.012191708247451359     2.2981737904370202E-4
0.04833455272501653       0.5492860325008818       -0.03179940673835094
0.0929362719158382        0.5899904927209675       -0.07445121774304425
0.13896223918685033       0.6015522631906999       -0.11453442111874039
0.18988569776107123       0.6259106895870348       -0.16910905298062714
0.23881709101689164       0.6237722934621337       -0.19785931622864922
0.06310413502344131       0.25404978329423616      -0.0038875068786062106
0.07404285574848912       0.1782512154444823       -0.0013870133262847732
0.07844618516302815       0.47404119259599037      -0.032507374104521064
0.09922011261890079       0.4052862875212064       -0.024835556155026552
0.11270751005132573       0.34227401092684084      -0.016116215191937663
0.11810680826066436       0.28664845640642217      -0.009238321603681968
0.27672681102524377       0.6527854009904244       -0.25257367019417815
0.26864038298647624       0.712790349948334        -0.3338697023099248
0.2590825733253482        0.7746444959163629       -0.42784245733089593
0.24675454709232958       0.8393920883463307       -0.5332909027316979
0.375482058132438         -0.45712541766596654     0.04666711189939538
0.320724876098225         -0.4240139310116219      0.04184541539215935
0.4296185636752178        -0.44169097197822377     0.007981214285133924
0.49237782857052687       -0.43371733700881576     -0.04640593818189114
0.5338956620499009        -0.40468856446503876     -0.10480755148745416
0.17238677445975312       -0.15059523237212832     -7.322076135384411E-4
0.32055587000117836       -0.3615134660478513      0.012947879999328086
0.19582784579671444       -0.19678405134057922     6.033790743321586E-5
0.21856320037688967       -0.24557192915816173     0.002690706348009943
0.26372977004459425       -0.27142267901662676     0.001177861824609804
0.3132101509166725        -0.29938713070836903     -0.0031767870672031223
0.5828897643043132        -0.4093893447728007      -0.1643316374669839
0.6097499675113186        -0.4603244659802595      -0.17951948520755992
0.6361524792375678        -0.5152812934935163      -0.18248383191229448
0.6614097666274573        -0.574657668000318       -0.16302671526648438
0.1257909409830876        0.152289277279439        -5.643861142114381E-4
0.17343697178533887       -0.09503896939187441     -0.0013877123146252457
0.19948915269126374       -0.036035355422929974    -0.001106527686529398
0.21513400442767033       0.012942467555980334     5.128150708338897E-4
0.16736020427844506       0.10998313183097572      0.00117247967895256
0.19788430429789583       0.06198280711743267      0.0017331388629373723
0.12645681496141864       0.5365274205466399       -0.07379736433377103
0.17620460550270697       0.5701764105763425       -0.11817030617083082
0.22339791835687012       0.5741420863598317       -0.1435093547777043
0.27805362478258344       0.5923326315329709       -0.1802144947527611
0.1318551541373189        0.22539929321409524      -0.003977131910935242
0.16334034304347475       0.27757595642002364      -0.00913470738498154
0.14519165632177147       0.45789688874900136      -0.05014843380721724
0.15559627354155342       0.3864384604025182       -0.030093319028817633
0.15984295607378593       0.32515179450542325      -0.016666076259929174
0.3218352093137428        0.634045440039644        -0.24358924037261534
0.3259597644352584        0.5833811043788967       -0.1780484912264313
0.3193633022911637        0.6918701539955658       -0.3329295743425191
0.31396868800372696       0.754239598983031        -0.4454797090512362
0.3061356727078123        0.8196715152753272       -0.5802898720261299
0.38609457306378936       -0.3920947814554424      0.0028318840486055608
0.44785148075806525       -0.39661703921416835     -0.03073996697776632
0.4907846168294817        -0.37717333142656445     -0.07301338904274797
0.5488489466829758        -0.3601126222534378      -0.1356318775458116
0.22528505220055356       -0.13928009385402246     -0.003936122290666661
0.36891386755030997       -0.3230523621628384      -0.01512469541099809
0.26108928922979185       -0.20554596469049796     -0.00556212886338424
0.31512963577928776       -0.24044880437035693     -0.012575241187105625
0.3545406172459092        -0.2714901158515405      -0.0200175380252404
0.6083779042525224        -0.3687687307331744      -0.21010801713960273
0.5848460497573769        -0.3267765324466995      -0.17984396375373632
0.6405359879174778        -0.41611204687169606     -0.2528203425183618
0.6710779809417112        -0.4687405628712373      -0.2901849120035341
0.7005654277633676        -0.5260976395603306      -0.31550946664091767
0.1906985666378122        0.17954718579805923      5.653063539751273E-4
0.24063958935574215       -0.08406156039188543     -0.00411429465477136
0.2627396605497296        -0.02386634854473508     -0.0017199738613332628
0.26235999877970984       0.04868569580804315      0.003399439225883215
0.23646715624819298       0.11792007796061688      0.004689494848552757
0.20207290973549366       0.5127549696066928       -0.09206188885682025
0.25608774500532727       0.539014172596427        -0.12420389054211448
0.3033293309705632        0.5371312555114511       -0.1280560076835786
0.19382188914471302       0.24195299812847434      -0.003934561449142942
0.20722698197421818       0.2975071079977927       -0.011235840911827007
0.20935154795130476       0.43233236495857147      -0.051798007036911946
0.2102351829506022        0.36058151384606413      -0.026020744007194282
0.35968565627396276       0.5468782400591566       -0.1335273447023947
0.36689500083544024       0.6065179547512604       -0.20761718765024115
0.3679736308348167        0.6672799541228038       -0.3043283509975944
0.36717029509313276       0.7298371339100228       -0.42644952309399314
0.3639380040136267        0.7956844827985009       -0.57992282389589
0.44038600500535513       -0.33839926532342934     -0.047354726686488886
0.5004852120354544        -0.331021094880033       -0.09337722861952219
0.5397730466978716        -0.30427327323854414     -0.13057942465209968
0.2854740671312429        -0.1345442961561601      -0.009740474624468061
0.4058972844446094        -0.27375583624509126     -0.03991726889142919
0.32788173434611384       -0.18259013045503125     -0.017759100884681415
0.3719539473174147        -0.22476574338274602     -0.029371709090096464
0.5939293260968757        -0.27925154919434647     -0.18229252519061445
0.6347189965195056        -0.32311255482010265     -0.2448427781042429
0.6685592295498042        -0.36955560472121557     -0.30675891700975827
0.7025610809451978        -0.41989357215148887     -0.37439052647496945
0.7361368471827298        -0.47489541228834925     -0.44239590690923486
0.2332482784496152        0.21953739380228723      0.001271642440754791
0.25404092355142255       0.17858563515373813      0.005923219293522786
0.29806130501230294       -0.07705838581194487     -0.007617689530030077
0.31831455867179603       -0.033054157566899355    -0.00421811817552252
0.3112507216968793        0.013014143568065703     0.0015673239129043622
0.31757135367496414       0.05869415674799575      0.0072633680786388264
0.295472790562637         0.10011256625094575      0.009143964323855213
0.28823993720663565       0.1459000535102289       0.01039524238349511
0.27358494118112614       0.4787099199711883       -0.08085693083260559
0.3305008024975821        0.4970996947554737       -0.09060467943213779
0.2450478024998053        0.26714382740941134      -0.002964727561224406
0.2599778022264475        0.3244490209488536       -0.012713160100653658
0.26941553593630335       0.39761033426322534      -0.036637059378647883
0.3764339811535823        0.4881284325608982       -0.0709727972964827
0.40526008731545815       0.5321845250900583       -0.10264599057691877
0.40865169163481224       0.5808062877882677       -0.16171907799011823
0.4147192032284541        0.6389493443443442       -0.25042438632837144
0.41838055030327026       0.7016055836204661       -0.3724477547242644
0.4198486541163715        0.7675679979259483       -0.5322284873575968
0.4826750003557762        -0.2750804118798669      -0.08355870125705203
0.5416566366329871        -0.2574934777492345      -0.1266887562720319
0.3443892208841069        -0.12259519153689535     -0.01749220585918521
0.437905804763342         -0.2162719756544311      -0.05491987495611484
0.3915422159594695        -0.1674996223696311      -0.03285590094597219
0.5766036706110746        -0.2242991397642709      -0.14596285183716587
0.6249170617111516        -0.24011614243911678     -0.19978415907630317
0.6549917120712517        -0.278689676894618       -0.25653501001887996
0.6929988822300338        -0.3211399236276716      -0.3357066720994896
0.7305503320794596        -0.36887796517912835     -0.42861952860535796
0.7679864424983159        -0.42129724483875175     -0.5336108591963008
0.2813830106848305        0.22813731168780066      0.006966642235691072
0.310492934434368         0.18668762011290643      0.014268789209238556
0.35659732613516126       -0.06714396402782633     -0.011748402591142902
0.3630099482395437        -0.010993797357492119    -0.002100659298263429
0.361307441165534         0.03860578151850479      0.0071990223432526765
0.3514179738083846        0.0917793629066481       0.014844822900284585
0.33468211613122856       0.13902964136115342      0.017249107848348003
0.33947010290867613       0.4346506256746743       -0.04349564628532238
0.30446481039534423       0.2854712722296939       0.0038946709444192804
0.3238531147075882        0.35493430114035496      -0.009700617479533186
0.3984955481457862        0.44535123715534464      -0.02806707199950347
0.43385192026099956       0.49008227413463495      -0.04418544533089387
0.4486205910874676        0.5478357213473248       -0.09718704487434582
0.45909391655170867       0.6075864179624072       -0.17672729758529573
0.4673821548381423        0.669797684576683        -0.2882343579290722
0.4735912639933432        0.735511845322867        -0.44124809987221303
0.5153442771565675        -0.20456643199520774     -0.09436126341588748
0.407098462341218         -0.10681079500134437     -0.026841047272804935
0.4600245306563028        -0.15196391621399757     -0.05271349510307155
0.5723276539611879        -0.17771569811290477     -0.12041602757797765
0.6275363419191976        -0.19189409018756967     -0.17195238031299054
0.6738451000920728        -0.22958407599594177     -0.24836310859662145
0.7141230890540615        -0.2708337727998571      -0.33778166479584343
0.7548681543615029        -0.3158944967333021      -0.4483337819689042
0.7959389552628259        -0.36555003676143644     -0.5817808313464913
0.34180000977377467       0.23897909372194584      0.019510419867329626
0.3736552444819641        0.19019043184732531      0.029402656437624842
0.41571378048895175       -0.047231893162322534    -0.013397265070250181
0.41642689022239854       0.015851147415678852     0.004571443467087482
0.4119456034026358        0.07566515568344988      0.020443493561724525
0.3951022391824643        0.13323231519745168      0.029132982342028896
0.3984471702801996        0.38198845667606374      0.00782111242029359
0.37132281752578056       0.3054306005089597       0.020227833038110127
0.4442745661254734        0.4319063967304521       0.008316716370259514
0.47710505842382966       0.4681018126485322       0.007600382873367004
0.4867718980383231        0.5170800683385506       -0.03063518538801825
0.5012977355759973        0.573290601945571        -0.08893324073163546
0.5140110106484903        0.6346341506612018       -0.18078795790097524
0.5249171293729705        0.699722532291294        -0.31451136168295296
0.5383042676311229        -0.12931367730125648     -0.07604146986783855
0.47432369992331624       -0.0844301826973933      -0.034894971581566465
0.6044151924851466        -0.14039053774562507     -0.11729857222142082
0.6525472124448628        -0.14876637637459605     -0.15674954870931432
0.6881130702426478        -0.18244027219888181     -0.22105666754898376
0.7314257097589739        -0.21921044953046728     -0.3122878852359792
0.7754112240547669        -0.26124782254507495     -0.4318952471707908
0.8198635519874057        -0.3078966381884917      -0.5829908344420406
0.41104143719375075       0.24986467372038634      0.04375749922129633
0.4423691708312396        0.18863075484307376      0.05343682876791885
0.48318829133081814       -0.01488454295691569     -0.006707534530601303
0.4786438364093094        0.05161102564787925      0.022373774922712374
0.4649466641225445        0.12249709939464232      0.04582824527323388
0.45791416312283884       0.38404523648412386      0.04375347566619819
0.44831586150419944       0.3213400378087903       0.05632558507738762
0.4996602791825501        0.42303239827767813      0.05978027041997524
0.5237805062988368        0.4787271336013557       0.045304595199473406
0.5412647941436837        0.5361427445627418       0.006405904337289116
0.5581157608666955        0.5962670021634379       -0.05862493671199003
0.5735816657059788        0.6603975333666505       -0.16231713837101858
0.5912049412302387        -0.09479550406251214     -0.0763405300347354
0.5504895780051002        -0.05133347028115459     -0.03396309605733394
0.6483974677390464        -0.10080847377057374     -0.10726496622630889
0.6992936170149636        -0.13132580100329552     -0.17329392387313133
0.7451145967876456        -0.16606266965251534     -0.2611384156090095
0.7918514600410349        -0.20514980367903615     -0.3800880810532907
0.8396041406599958        -0.24860761881126356     -0.5369622706279032
0.4887723173814952        0.25461236425756545      0.08666720827771447
0.5199607859764266        0.18214119492924372      0.08986787434130769
0.5513049061626172        0.027323124390595095     0.0182733106127614
0.5410595606129348        0.10577539186570226      0.06446639604213396
0.498872938521772         0.36195889292763506      0.08512291294543206
0.5070727265617656        0.31462836299563995      0.10091317396426462
0.538965684623115         0.3947684956612262       0.11458499855443456
0.5564834487890365        0.44195009107083943      0.11248994757539187
0.5784122815546079        0.49588373083599535      0.10171832121855069
0.5993973461982328        0.5548061093815547       0.06846095057131264
0.6193315757698473        0.6176873201017802       0.003112251496405837
0.6181264121478671        -0.05318676292358984     -0.04987115681954896
0.5969879858720463        -0.010052319378118743    -0.00855327844352794
0.6669916534856587        -0.05450446753069814     -0.06425762050851619
0.7062032453645871        -0.08268986675369937     -0.11489746808114142
0.7540985574558017        -0.11145529386672268     -0.1870036908215387
0.8041822371433968        -0.147797352029754       -0.2970729140880782
0.855008152605568         -0.18796684458978827     -0.4472335992818191
0.5451160543232568        0.2872086052575954       0.13442516514456568
0.546359303660464         0.2391506647790042       0.1261209791603191
0.5799961217274963        0.20661089338481817      0.1407776235971168
0.5752973653536733        0.15891595193934752      0.11179526402046755
0.617024154897901         0.03526022693585876      0.03302289983741268
0.5918633991258133        0.07514716988803902      0.06131410764051398
0.6053999671401591        0.12279217687016883      0.10449417718908037
0.5542864610781043        0.34802191472661365      0.14361194467178742
0.5856901450226805        0.39882019658756         0.17189631280461712
0.6120795882420185        0.4531648564870937       0.1878164424475083
0.6374881073406513        0.510409240168038        0.18985555907658067
0.6619008815373962        0.5717551270383677       0.16834434459576889
0.6554815936844116        -0.0075753547744707855   -0.008532726933008274
0.7109288395633347        -0.030271256452615677    -0.04342393068629575
0.7610540626612594        -0.05738316409192948     -0.10060307452784899
0.8125904537414735        -0.08974375953838122     -0.1902595381451744
0.8661805989636507        -0.12638751055969874     -0.32154307394157317
0.5894190173866038        0.31458059915680614      0.1842678331333348
0.5979512388936457        0.2651802660657985       0.1821794396044458
0.6673160205344308        0.04098524534715027      0.048532979477743696
0.6293133854976006        0.22827415776540916      0.1976238180052788
0.6300699729459714        0.17726156466541312      0.1633193026920636
0.6491814960527982        0.08571285613469064      0.09216675762770002
0.65445249536232          0.13572971493182295      0.14563535919993495
0.6122632680163116        0.35834783788831515      0.21628511714728535
0.6422761708251598        0.40782797632104495      0.2579499819067683
0.6721691588586979        0.46334650132803         0.29540101533914703
0.7010450478724217        0.5228637033363956       0.31974377829186856
0.7109960892896423        0.018741850580717874     0.02692230317477456
0.7626068401302746        -0.002548325634720643    -0.004520461891560911
0.8169264447798305        -0.031362847077680944    -0.06829306189498406
0.8728967366171054        -0.0641324553168281      -0.16969583260691465
0.6374451571200944        0.31204287139159637      0.24582356187646928
0.657898337361033         0.26861666456763533      0.25495478495039997
0.7075702891913308        0.07073938635933719      0.09923828503323945
0.6765205307223365        0.21757298258975943      0.24159282059123632
0.6895018046041514        0.17096673567771378      0.21038664000743038
0.700644146117631         0.11933607261045753      0.1594131731338865
0.6701995654096544        0.36170186008873106      0.30867323660148743
0.7035016143828831        0.41414057461835346      0.37688798282316305
0.7365982283877908        0.4713507820907397       0.4449704095480341
0.7615151438447563        0.05117952033642523      0.08999538660400236
0.8171354899765088        0.026870872132709847     0.058580158204631756
0.8752470236860542        -0.0016833576639489044   -0.0045144181775809
0.6934844969839927        0.3129466688494817       0.3324658633866327
0.7155863423072267        0.2621856301863556       0.33269289908783156
0.7557400754361393        0.10471347511033997      0.1773211634299234
0.7322357165391373        0.209019691368817        0.30149915480884065
0.7477639738729183        0.1579976503444181       0.2524422474723637
0.7312768190395916        0.36293643648510215      0.42787871091198276
0.7684154927536211        0.4175127385812168       0.5340323608345511
0.813337026896384         0.08467227414482255      0.1802509238930663
0.8732081811868507        0.060619326195655576     0.16066549784456996
0.7555682453635781        0.30965944562183795      0.4445318906944456
0.7761859145856042        0.25459121694916736      0.4249748644531591
0.805433846500005         0.14208231788212286      0.2877105764246208
0.7929689583177275        0.19864939983575744      0.37133465280588146
0.7963699096666312        0.3615410318322367       0.5798590036974659
0.8667572534621765        0.1225523793881627       0.31282424256037084
0.820360746004989         0.30366227691208125      0.5787146986978845
0.8402447064531916        0.24429797615963292      0.5306843384956726
0.8557828017217103        0.18385685650981873      0.43964728821789006
